{"ID": 1, "Time": 200.0, "Position": [-0.0011745412810617432, -0.001020435252555806, -0.0015478054311917448], "Matrix": [[0.9999999309981393, -0.000367714332246569, 5.281937597518605e-05, -0.0011745412810617432], [0.00036770548397190115, 0.9999999183796603, 0.00016743162709581368, -0.001020435252555806], [-5.288093867300513e-05, -0.0001674121935685138, 0.9999999845883818, -0.0015478054311917448], [0.0, 0.0, 0.0, 1.0]]}
{"ID": 2, "Time": 266.6666666666667, "Position": [-0.0008428669619779276, -0.0009396667790277266, 0.00013996336519796193], "Matrix": [[0.9999999689439695, -0.00023225505338995156, 9.038611790736207e-05, -0.0008428669619779276], [0.0002322388925390411, 0.9999999570536607, 0.0001787673726713763, -0.0009396667790277266], [-9.042763365129336e-05, -0.0001787463759476476, 0.9999999799362879, 0.00013996336519796193], [0.0, 0.0, 0.0, 1.0]]}
{"ID": 3, "Time": 333.33333333333337, "Position": [0.00026467185893535076, -0.000328637730390854, 0.0001614400229162711], "Matrix": [[0.9999999903747858, -0.0001381756381344272, 1.2566677142638998e-05, 0.00026467185893535076], [0.0001381746215927064, 0.9999999871849781, 8.085677270034464e-05, -0.000328637730390854], [-1.2577849417762114e-05, -8.085503552622202e-05, 0.9999999966521305, 0.0001614400229162711], [0.0, 0.0, 0.0, 1.0]]}
{"ID": 4, "Time": 400.00000000000006, "Position": [-0.0006475549137447958, -0.00022500345574671284, -0.00041510738515030586], "Matrix": [[0.9999999841566687, -7.676198529491626e-05, 0.0001606059150957756, -0.0006475549137447958], [7.675948731607303e-05, 0.9999999969329404, 1.5559573469857204e-05, -0.00022500345574671284], [-0.00016060710898693756, -1.5547245195639046e-05, 0.9999999869818198, -0.00041510738515030586], [0.0, 0.0, 0.0, 1.0]]}
{"ID": 5, "Time": 466.66666666666674, "Position": [0.0004152718987268446, -0.0002354444398667688, -9.421518266808581e-05], "Matrix": [[0.9999999375620702, -0.00034850536525077454, -5.8479622102760447e-05, 0.0004152718987268446], [0.0003485080791861899, 0.9999999381943708, 4.6404453178101265e-05, -0.0002354444398667688], [5.846344628748651e-05, -4.642483090147384e-05, 0.9999999972133803, -9.421518266808581e-05], [0.0, 0.0, 0.0, 1.0]]}
{"ID": 6, "Time": 533.3333333333334, "Position": [-0.0021967884533280984, -0.0012606484384735021, -0.0018746425492892206], "Matrix": [[0.9999999170681714, -7.887779663939015e-05, 0.00039955217881588784, -0.0021967884533280984], [7.877128511314072e-05, 0.9999999613634978, 0.0002665859854641636, -0.0012606484384735021], [-0.00039957319109373753, -0.0002665544901171053, 0.9999998846449777, -0.0018746425492892206], [0.0, 0.0, 0.0, 1.0]]}
{"ID": 7, "Time": 600.0, "Position": [0.00022203387565952092, -0.00039838719934524354, -0.0012938056792225084], "Matrix": [[0.9999999528873322, -0.0003063374883473237, 1.956211852812952e-05, 0.00022203387565952092], [0.00030633610320543664, 0.9999999505748176, 7.077113912204685e-05, -0.00039838719934524354], [-1.9583797414274374e-05, -7.076514320466933e-05, 0.9999999973043847, -0.0012938056792225084], [0.0, 0.0, 0.0, 1.0]]}
{"ID": 8, "Time": 666.6666666666666, "Position": [0.0012837008677137754, -0.00046139160289704003, -0.00141204110082072], "Matrix": [[0.999999978166652, -0.0001166706812269079, -0.00017336276340981153, 0.0012837008677137754], [0.0001166613661376117, 0.9999999917510197, -5.3740917640037555e-05, -0.00046139160289704003], [0.00017336903196921635, 5.372069172987662e-05, 0.9999999835286328, -0.00141204110082072], [0.0, 0.0, 0.0, 1.0]]}
{"ID": 9, "Time": 733.3333333333333, "Position": [-5.908762410260076e-05, -0.001158398812026872, -0.0015106920116916183], "Matrix": [[0.9999999743535766, 0.00022575766840424657, 1.8064368929868336e-05, -5.908762410260076e-05], [-0.00022575682838997844, 0.9999999734362806, -4.6489703750553575e-05, -0.001158398812026872], [-1.807486385713504e-05, 4.6485624403622475e-05, 0.999999998756193, -0.0015106920116916183], [0.0, 0.0, 0.0, 1.0]]}
{"ID": 10, "Time": 799.9999999999999, "Position": [-0.0005170215309089635, -0.0010408910180294665, -0.003551997818405266], "Matrix": [[0.9999999585123676, 0.00026714641323348986, -0.00010774069365029575, -0.0005170215309089635], [-0.00026711246493082053, 0.999999914717981, 0.0003149840658885349, -0.0010408910180294665], [0.00010782483132537969, -0.00031495527393833746, 0.9999999445884891, -0.003551997818405266], [0.0, 0.0, 0.0, 1.0]]}
{"ID": 11, "Time": 866.6666666666665, "Position": [0.001166847405832009, -0.0057861340123349005, -0.0013377141655190041], "Matrix": [[0.9999991326142641, 0.0013168929012201745, -2.3744601900804007e-05, 0.001166847405832009], [-0.0013168555957378113, 0.9999979958135067, 0.0015080650880992844, -0.0057861340123349005], [2.5730514521289512e-05, -0.0015080325118132566, 0.9999988625872951, -0.0013377141655190041], [0.0, 0.0, 0.0, 1.0]]}
{"ID": 12, "Time": 933.3333333333331, "Position": [0.0026494143403105273, 0.0002636385885434565, -0.003432084839638706], "Matrix": [[0.9999998099577886, -0.0005429623355627402, -0.00029202104193271, 0.0026494143403105273], [0.0005427206114467551, 0.9999995105922571, -0.000827205889823625, 0.0002636385885434565], [0.0002924700406572809, 0.0008270472467811553, 0.9999996152269894, -0.003432084839638706], [0.0, 0.0, 0.0, 1.0]]}
{"ID": 13, "Time": 999.9999999999998, "Position": [-0.000505266757805354, -0.005074382618473862, -0.0018288910290404443], "Matrix": [[0.9999994250763836, 0.0010689107087159156, 8.530415610142067e-05, -0.000505266757805354], [-0.0010689473154092432, 0.9999993361198538, 0.0004302458466989901, -0.005074382618473862], [-8.484420507676795e-05, -0.0004303367849891499, 0.9999999038058516, -0.0018288910290404443], [0.0, 0.0, 0.0, 1.0]]}
{"ID": 14, "Time": 1066.6666666666665, "Position": [-0.0006545978190534002, -0.0015407794674085888, -0.0012611077328585872], "Matrix": [[0.9999993739302563, 0.0011150542500449913, 9.377161034842323e-05, -0.0006545978190534002], [-0.0011152812190757548, 0.9999963614471961, 0.0024562654928157557, -0.0015407794674085888], [-9.10323998784644e-05, -0.002456368536738152, 0.9999969789787937, -0.0012611077328585872], [0.0, 0.0, 0.0, 1.0]]}
{"ID": 15, "Time": 1133.3333333333333, "Position": [-0.00039317077309206864, -0.003980906438457262, -0.0002777067170090294], "Matrix": [[0.99999915154433, 0.0012827747259175504, 0.00022671484909754034, -0.00039317077309206864], [-0.001283154969869894, 0.9999977570079742, 0.001685079328660662, -0.003980906438457262], [-0.00022455276340396967, -0.0016853688092309139, 0.999998554552972, -0.0002777067170090294], [0.0, 0.0, 0.0, 1.0]]}
{"ID": 16, "Time": 1200.0, "Position": [0.0009772648366453416, -2.818885319590683e-05, 2.5002961085132674e-05], "Matrix": [[0.9999998143158457, -0.0005912949903624737, -0.0001474398470047226, 0.0009772648366453416], [0.0005919015550272287, 0.9999912199829623, 0.00414844664133113, -2.818885319590683e-05], [0.00014498559676354871, -0.004148533140905039, 0.9999913842888626, 2.5002961085132674e-05], [0.0, 0.0, 0.0, 1.0]]}
{"ID": 17, "Time": 1266.6666666666667, "Position": [-0.003791796308029125, -0.004914514492791185, -0.004765949668936554], "Matrix": [[0.999996669025753, 0.0025035498719476173, 0.0006278339248471269, -0.003791796308029125], [-0.0025035046012193383, 0.9999968635715628, -7.28817459677194e-05, -0.004914514492791185], [-0.000628014418776736, 7.130971808084413e-05, 0.999999800256387, -0.004765949668936554], [0.0, 0.0, 0.0, 1.0]]}
{"ID": 18, "Time": 1333.3333333333335, "Position": [0.015892262638771575, -0.007044309061199681, -0.01019702400014066], "Matrix": [[0.9997457525555993, 0.009382382570060136, 0.020503686116100272, 0.015892262638771575], [-0.009357119947035778, 0.9999553397697833, -0.0013276943149703928, -0.007044309061199681], [-0.02051522735275718, 0.001135501301739144, 0.999788895759229, -0.01019702400014066], [0.0, 0.0, 0.0, 1.0]]}
{"ID": 19, "Time": 1400.0000000000002, "Position": [-0.009759521846665004, -0.023909169493144863, -0.0072621362748203295], "Matrix": [[0.9988135104582918, 0.02579034028583544, 0.04130895391951515, -0.009759521846665004], [-0.025040726228941226, 0.9995140819253657, -0.018562383004899246, -0.023909169493144863], [-0.04176761132637378, 0.017505952725692223, 0.99897397777082, -0.0072621362748203295], [0.0, 0.0, 0.0, 1.0]]}
{"ID": 20, "Time": 1466.666666666667, "Position": [0.013049774787266342, -0.07689143186646996, -0.01701728875034743], "Matrix": [[0.996513177254834, 0.029023586763279288, 0.07822479765950341, 0.013049774787266342], [-0.027335452374365965, 0.9993715802096176, -0.022565852805082807, -0.07689143186646996], [-0.07883058163533121, 0.020348859445342204, 0.996680321526571, -0.01701728875034743], [0.0, 0.0, 0.0, 1.0]]}
{"ID": 21, "Time": 1533.3333333333337, "Position": [0.008793235388628525, -0.13566718864347233, 0.001134652197716266], "Matrix": [[0.9920589994515258, 0.011846696581349528, 0.12521420601252536, 0.008793235388628525], [-0.009201919711755043, 0.9997226266283646, -0.021679356099798264, -0.13566718864347233], [-0.12543630367982037, 0.02035498925062078, 0.9918928410527778, 0.001134652197716266], [0.0, 0.0, 0.0, 1.0]]}
{"ID": 22, "Time": 1600.0000000000005, "Position": [0.018957935950362423, -0.1853861194563318, 0.004907772243259787], "Matrix": [[0.9890103353649318, 0.003927850316312479, 0.1477942100802252, 0.018957935950362423], [0.0002242666415980301, 0.9996060256890222, -0.028066761670547568, -0.1853861194563318], [-0.14784622499684788, 0.02779146268353819, 0.9886198098137073, 0.004907772243259787], [0.0, 0.0, 0.0, 1.0]]}
{"ID": 23, "Time": 1666.6666666666672, "Position": [0.007410973053880098, -0.21462628748944557, 0.011382645547622717], "Matrix": [[0.9850419197456014, -0.008752211342470782, 0.17209246102173345, 0.007410973053880098], [0.01255683703060709, 0.999699948206647, -0.021031866284619526, -0.21462628748944557], [-0.17185674903153178, 0.022878206928080416, 0.9848562562425387, 0.011382645547622717], [0.0, 0.0, 0.0, 1.0]]}
{"ID": 24, "Time": 1733.333333333334, "Position": [0.004800789103904078, -0.2553427466986673, 0.017655236259858785], "Matrix": [[0.9792515427494417, -0.02496625120750938, 0.20110470487654394, 0.004800789103904078], [0.02428091095435221, 0.9996879165528066, 0.005874254125894429, -0.2553427466986673], [-0.2011886015311631, -0.0008693669836757482, 0.9795521378747446, 0.017655236259858785], [0.0, 0.0, 0.0, 1.0]]}
{"ID": 25, "Time": 1800.0000000000007, "Position": [0.002618230334079722, -0.2995573535029219, 0.014022914530411164], "Matrix": [[0.9780629742317652, -0.024737075242028835, 0.20683543106872063, 0.002618230334079722], [0.020025689073323038, 0.9994908071587887, 0.024841460951634902, -0.2995573535029219], [-0.2073446170365941, -0.020154491150689353, 0.9780603285444129, 0.014022914530411164], [0.0, 0.0, 0.0, 1.0]]}
{"ID": 26, "Time": 1866.6666666666674, "Position": [0.03794947791957868, -0.3494787243041318, 0.01555616191024642], "Matrix": [[0.9718500541694439, -0.018000168272739463, 0.23491161349112136, 0.03794947791957868], [0.009649960538968104, 0.9992816614927647, 0.0366475001310596, -0.3494787243041318], [-0.23540252860248823, -0.03334898718721033, 0.971325637765802, 0.01555616191024642], [0.0, 0.0, 0.0, 1.0]]}
{"ID": 27, "Time": 1933.3333333333342, "Position": [0.03784450876673806, -0.40929647482725606, 0.010907521318426115], "Matrix": [[0.9587645397422118, -0.020016944058332015, 0.2834958188112665, 0.03784450876673806], [0.00950247808924043, 0.9992166704793201, 0.03841547014401139, -0.40929647482725606], [-0.2840427084842495, -0.03413747774495843, 0.9582037217471784, 0.010907521318426115], [0.0, 0.0, 0.0, 1.0]]}
{"ID": 28, "Time": 2000.000000000001, "Position": [0.04354523719701574, -0.4639801137734854, 0.011859524150054463], "Matrix": [[0.9474406444018895, -0.015495317683572136, 0.3195561303827823, 0.04354523719701574], [0.006725999520004346, 0.9995703756839576, 0.02852761794277234, -0.4639801137734854], [-0.31986088580160826, -0.02487889034738209, 0.9471378223623494, 0.011859524150054463], [0.0, 0.0, 0.0, 1.0]]}
{"ID": 29, "Time": 2066.6666666666674, "Position": [0.018484131308802585, -0.5040830427733297, 0.020687318367189778], "Matrix": [[0.9324208982319191, -0.014679591763885022, 0.3610758620096708, 0.018484131308802585], [0.010914490813516186, 0.9998627440059643, 0.012464631528656706, -0.5040830427733297], [-0.3612092778856363, -0.007681323747192995, 0.9324531381441257, 0.020687318367189778], [0.0, 0.0, 0.0, 1.0]]}
{"ID": 30, "Time": 2133.333333333334, "Position": [0.017532929149678547, -0.5202327127899766, 0.02101440662372386], "Matrix": [[0.9233946835263104, -0.024598785853008974, 0.3830628645143026, 0.017532929149678547], [0.02331582834258947, 0.9996962005068166, 0.007992423971080105, -0.5202327127899766], [-0.3831430941359169, 0.001551266190052474, 0.9236876977578318, 0.02101440662372386], [0.0, 0.0, 0.0, 1.0]]}
{"ID": 31, "Time": 2200.0000000000005, "Position": [-0.022051676844728734, -0.5339612726057995, 0.025364998734562383], "Matrix": [[0.9187135560003823, -0.05018685877347696, 0.3917227096143184, -0.022051676844728734], [0.038558563149144444, 0.9985524140008994, 0.03750084933504427, -0.5339612726057995], [-0.3930377071338143, -0.019348273810015436, 0.9193187722828066, 0.025364998734562383], [0.0, 0.0, 0.0, 1.0]]}
{"ID": 32, "Time": 2266.666666666667, "Position": [-0.25117787106870665, -0.5554024854087225, 0.13815764916624643], "Matrix": [[0.9148762485384023, -0.0644820614578758, 0.39855177030147815, -0.25117787106870665], [0.042215301309796324, 0.9970305103921308, 0.0644051991886553, -0.5554024854087225], [-0.40152125497365965, -0.04209780394925588, 0.9148816626794022, 0.13815764916624643], [0.0, 0.0, 0.0, 1.0]]}
{"ID": 33, "Time": 2333.3333333333335, "Position": [-0.3333949876243604, -0.5224156253697686, 0.1795712642900154], "Matrix": [[0.9159946134054533, -0.041336403259227224, 0.39905534701064305, -0.3333949876243604], [0.031130372865765428, 0.999002139412752, 0.03202538577414672, -0.5224156253697686], [-0.39998095966862296, -0.016912339114831303, 0.9163673961289939, 0.1795712642900154], [0.0, 0.0, 0.0, 1.0]]}
{"ID": 34, "Time": 2400.0, "Position": [-0.2545225094016699, -0.5472577297008998, 0.1426738010196345], "Matrix": [[0.9293646035222505, -0.026838938845552333, 0.3681862369529515, -0.2545225094016699], [0.01964077728008283, 0.9995359277753749, 0.023284521769938404, -0.5472577297008998], [-0.3686403038027237, -0.014408346465339294, 0.9294604488435053, 0.1426738010196345], [0.0, 0.0, 0.0, 1.0]]}
{"ID": 35, "Time": 2466.6666666666665, "Position": [-0.25085246063630434, -0.5413312041943695, 0.13618699732455625], "Matrix": [[0.9480736688540475, -0.04016024361539763, 0.31550510813357324, -0.25085246063630434], [0.03097370029534436, 0.9989390428042499, 0.03407959288699013, -0.5413312041943695], [-0.31653901547145813, -0.022537604000441528, 0.9483117146225071, 0.13618699732455625], [0.0, 0.0, 0.0, 1.0]]}
{"ID": 36, "Time": 2533.333333333333, "Position": [0.01184184462443017, -0.567420911899056, 0.014092234487267407], "Matrix": [[0.9777215912126159, -0.056367635210253404, 0.20219589456137388, 0.01184184462443017], [0.04852116091914459, 0.9978718820413408, 0.04355920079995728, -0.567420911899056], [-0.2042209269877328, -0.032777991580881266, 0.9783759074344558, 0.014092234487267407], [0.0, 0.0, 0.0, 1.0]]}
{"ID": 37, "Time": 2599.9999999999995, "Position": [0.19554427264587126, -0.5402281977140221, -0.21427290440025443], "Matrix": [[0.9911672595219634, -0.02765580788586592, 0.12970204293649687, 0.19554427264587126], [0.026572657303563698, 0.9995961170602157, 0.010074554182042558, -0.5402281977140221], [-0.12992827842909396, -0.006539040320997022, 0.991501832280774, -0.21427290440025443], [0.0, 0.0, 0.0, 1.0]]}
{"ID": 38, "Time": 2666.666666666666, "Position": [0.21585465428634143, -0.5523182906134944, -0.28483043664521335], "Matrix": [[0.9915691816393813, -0.02243929836188085, 0.12762067196200608, 0.21585465428634143], [0.026993603377556172, 0.9990548706749983, -0.03406920540983566, -0.5523182906134944], [-0.12673556485731485, 0.037226915929054326, 0.9912377380480973, -0.28483043664521335], [0.0, 0.0, 0.0, 1.0]]}
{"ID": 39, "Time": 2733.3333333333326, "Position": [0.2236500868104898, -0.5636377031136205, -0.1831726335727554], "Matrix": [[0.9908212315678322, -0.026310777771960087, 0.13259347663983598, 0.2236500868104898], [0.031833292651952554, 0.9987043002912875, -0.03970342628319219, -0.5636377031136205], [-0.13137704728505412, 0.043559884672990865, 0.990374983475419, -0.1831726335727554], [0.0, 0.0, 0.0, 1.0]]}
{"ID": 40, "Time": 2799.999999999999, "Position": [0.07983923355434873, -0.5476375229200792, -0.004437540243929034], "Matrix": [[0.9811524526581461, -0.03214541172295177, 0.19054274362480025, 0.07983923355434873], [0.03535538720380388, 0.9992840202722489, -0.013470093696806754, -0.5476375229200792], [-0.18997331717526425, 0.019952927947886927, 0.9815864808705003, -0.004437540243929034], [0.0, 0.0, 0.0, 1.0]]}
{"ID": 41, "Time": 2866.6666666666656, "Position": [0.02415634418640811, -0.5291447306138759, 0.031779967813834006], "Matrix": [[0.9780772631921532, -0.027978633904863572, 0.206354217963591, 0.02415634418640811], [0.027747272446476318, 0.999606904198089, 0.004015713049209286, -0.5291447306138759], [-0.20638545515207368, 0.0017980890773796805, 0.9784691159036861, 0.031779967813834006], [0.0, 0.0, 0.0, 1.0]]}
{"ID": 42, "Time": 2933.333333333332, "Position": [0.024157777875787267, -0.5399201790451942, 0.01432565485515956], "Matrix": [[0.9795071669437724, -0.00999231505146002, 0.20116128739321906, 0.024157777875787267], [0.008452340786890921, 0.9999280415726727, 0.008512908543010555, -0.5399201790451942], [-0.20123187580750515, -0.006638171175238513, 0.9795211416005482, 0.01432565485515956], [0.0, 0.0, 0.0, 1.0]]}
{"ID": 43, "Time": 2999.9999999999986, "Position": [0.010438430183446439, -0.5418987570402328, 0.020702418941549696], "Matrix": [[0.9771231342617749, -0.003100184738843293, 0.2126517560356147, 0.010438430183446439], [0.0009047709341452484, 0.9999452955477515, 0.010420523090358128, -0.5418987570402328], [-0.21267242858443658, -0.00998973305474196, 0.9770724862329778, 0.020702418941549696], [0.0, 0.0, 0.0, 1.0]]}
{"ID": 44, "Time": 3066.666666666665, "Position": [0.035315171047642015, -0.5365355866802478, 0.010816718118812328], "Matrix": [[0.9799169839298424, -0.009237909007688765, 0.19919178106289104, 0.035315171047642015], [0.006862462240633547, 0.9998969099688699, 0.012612535300310996, -0.5365355866802478], [-0.19928775982944094, -0.010992291475000786, 0.9798793590592118, 0.010816718118812328], [0.0, 0.0, 0.0, 1.0]]}
{"ID": 45, "Time": 3133.3333333333317, "Position": [0.034577664127947744, -0.542799974377244, 0.019951193254121934], "Matrix": [[0.9819232744695123, -0.01658667606750351, 0.1885512270766286, 0.034577664127947744], [0.01301597534553137, 0.9997120360245837, 0.020160094577802583, -0.542799974377244], [-0.18883132007396222, -0.01734148795845189, 0.9818564077066013, 0.019951193254121934], [0.0, 0.0, 0.0, 1.0]]}
{"ID": 46, "Time": 3199.999999999998, "Position": [0.042568520495972546, -0.5424240577833055, 0.01952228008119601], "Matrix": [[0.9850879262463796, -0.022031966174029995, 0.17063519575431613, 0.042568520495972546], [0.018222986095802376, 0.999549288770449, 0.023856699189989554, -0.5424240577833055], [-0.17108389854501088, -0.020391463532465074, 0.9850454242691778, 0.01952228008119601], [0.0, 0.0, 0.0, 1.0]]}
{"ID": 47, "Time": 3266.6666666666647, "Position": [0.03373842547420527, -0.5370842757608051, 0.040403775295689066], "Matrix": [[0.9856659268877906, -0.023482384237791414, 0.1670666280348689, 0.03373842547420527], [0.018899452315144335, 0.9994016190327937, 0.028969200486349843, -0.5370842757608051], [-0.16764692444127957, -0.025396486078579295, 0.9855199273582652, 0.040403775295689066], [0.0, 0.0, 0.0, 1.0]]}
{"ID": 48, "Time": 3333.333333333331, "Position": [0.025154706073823006, -0.5351410480833481, 0.06814102479907148], "Matrix": [[0.9847568897801736, -0.029135175306340858, 0.1714788896346944, 0.025154706073823006], [0.024486177400043902, 0.9992746639991454, 0.029164584785807367, -0.5351410480833481], [-0.17220422511312694, -0.02452116329344416, 0.984756019227059, 0.06814102479907148], [0.0, 0.0, 0.0, 1.0]]}
{"ID": 49, "Time": 3399.9999999999977, "Position": [0.018202576350979396, -0.553639300239871, 0.0959649135514074], "Matrix": [[0.9865870441401506, -0.02051728274290073, 0.1619414877159286, 0.018202576350979396], [0.015205013174935304, 0.9993070063584478, 0.033975205919423726, -0.553639300239871], [-0.16252634220073503, -0.03105717552780789, 0.9862153111461435, 0.0959649135514074], [0.0, 0.0, 0.0, 1.0]]}
{"ID": 50, "Time": 3466.6666666666642, "Position": [0.025190414705551376, -0.5500851846037845, 0.13682491399215543], "Matrix": [[0.985421818547994, 0.0017959332537497204, 0.17011941145358006, 0.025190414705551376], [-0.006504661848585961, 0.9996108682610595, 0.02712565996628103, -0.5500851846037845], [-0.17000449671641024, -0.02783678641867317, 0.9850500415806708, 0.13682491399215543], [0.0, 0.0, 0.0, 1.0]]}
{"ID": 51, "Time": 3533.3333333333308, "Position": [0.013009457400182549, -0.5531937026062997, 0.18219293340204584], "Matrix": [[0.9835589254099085, 0.0005925631397844361, 0.18058651421252758, 0.013009457400182549], [-0.007245832853179606, 0.999318835630063, 0.03618511657075418, -0.5531937026062997], [-0.18044206314706623, -0.036898694067685575, 0.9828932537276515, 0.18219293340204584], [0.0, 0.0, 0.0, 1.0]]}
{"ID": 52, "Time": 3599.9999999999973, "Position": [0.020682038675426784, -0.5617310104413559, 0.1888567592339886], "Matrix": [[0.9849444173620522, -0.003778250760494371, 0.17283003074847395, 0.020682038675426784], [-0.001589164176590021, 0.9995209973710504, 0.030907124932618425, -0.5617310104413559], [-0.17286401957766537, -0.030716455452598435, 0.9844666221360078, 0.1888567592339886], [0.0, 0.0, 0.0, 1.0]]}
{"ID": 53, "Time": 3666.666666666664, "Position": [-4.766953070077932e-05, -0.5727989373740205, 0.20611502457743852], "Matrix": [[0.9853502686712626, 0.002836383277600874, 0.170519215806821, -4.766953070077932e-05], [-0.006170105966517775, 0.9997999950753109, 0.019023659999330363, -0.5727989373740205], [-0.17043115273280465, -0.019797090122306522, 0.9851706945503691, 0.20611502457743852], [0.0, 0.0, 0.0, 1.0]]}
{"ID": 54, "Time": 3733.3333333333303, "Position": [0.014311097056340068, -0.5612992663802204, 0.26465819810519275], "Matrix": [[0.986695508818084, 0.004953073030061175, 0.16250366133038732, 0.014311097056340068], [-0.007331283810563613, 0.999874579798585, 0.01403840982063544, -0.5612992663802204], [-0.16241374681938506, -0.015042996382437453, 0.9866080696527505, 0.26465819810519275], [0.0, 0.0, 0.0, 1.0]]}
{"ID": 55, "Time": 3799.999999999997, "Position": [0.013826101106318588, -0.5667354536580932, 0.30493150223380094], "Matrix": [[0.9881133269331898, -0.005436312331173649, 0.1536310503943167, 0.013826101106318588], [0.0012679100160776144, 0.9996287307569908, 0.02721751365130295, -0.5667354536580932], [-0.15372197481562055, -0.02669919761726299, 0.9877533636011472, 0.30493150223380094], [0.0, 0.0, 0.0, 1.0]]}
{"ID": 56, "Time": 3866.6666666666633, "Position": [0.0516309214889202, -0.5780380410203082, 0.3182494052531905], "Matrix": [[0.9908351050088646, -0.020016332676512275, 0.13358570697591604, 0.0516309214889202], [0.014769458610569516, 0.9990843685895556, 0.0401533003918681, -0.5780380410203082], [-0.13426711352532605, -0.03781231104008466, 0.9902234956611488, 0.3182494052531905], [0.0, 0.0, 0.0, 1.0]]}
{"ID": 57, "Time": 3933.33333333333, "Position": [0.047003906392718356, -0.5913835044253692, 0.34094960151582543], "Matrix": [[0.9942307975185873, -0.012778693817847955, 0.10649801054415736, 0.047003906392718356], [0.007967749341573594, 0.9989335782654896, 0.045477699855368266, -0.5913835044253692], [-0.10696558435302268, -0.04436678034312163, 0.9932723456162472, 0.34094960151582543], [0.0, 0.0, 0.0, 1.0]]}
{"ID": 58, "Time": 3999.9999999999964, "Position": [0.04394126778004348, -0.580320101249807, 0.39269047837187104], "Matrix": [[0.9965675945801152, -0.0013168508402601339, 0.0827725518313137, 0.04394126778004348], [-0.0023673901996594834, 0.9990111834551041, 0.04439651782825784, -0.580320101249807], [-0.08274916855440641, -0.04444008590784638, 0.9955790545547137, 0.39269047837187104], [0.0, 0.0, 0.0, 1.0]]}
{"ID": 59, "Time": 4066.666666666663, "Position": [0.0501395119707983, -0.5625761012830978, 0.4688100255532932], "Matrix": [[0.9969638766003591, 0.013314644467848101, 0.07671863526340128, 0.0501395119707983], [-0.01675322322288266, 0.9988754466394266, 0.04435280839507548, -0.5625761012830978], [-0.0760418191893662, -0.04550343221759008, 0.9960658007334611, 0.4688100255532932], [0.0, 0.0, 0.0, 1.0]]}
{"ID": 60, "Time": 4133.333333333329, "Position": [0.04411495042001256, -0.5762712021462655, 0.5016128726392785], "Matrix": [[0.9969055892494123, 0.02183018775254691, 0.0755161507624065, 0.04411495042001256], [-0.025220744120519466, 0.9987025249656052, 0.044240034960791715, -0.5762712021462655], [-0.07445240217272536, -0.04600771163634789, 0.9961627027151224, 0.5016128726392785], [0.0, 0.0, 0.0, 1.0]]}
{"ID": 61, "Time": 4199.999999999996, "Position": [0.055080657347411036, -0.5799738302037885, 0.5335143743903681], "Matrix": [[0.9972562922942164, 0.02790000423874873, 0.06856731905995876, 0.055080657347411036], [-0.030685311449562897, 0.9987320149001483, 0.039909573722770667, -0.5799738302037885], [-0.067366899445022, -0.041904083058429346, 0.9968479064943642, 0.5335143743903681], [0.0, 0.0, 0.0, 1.0]]}
{"ID": 62, "Time": 4266.666666666663, "Position": [0.02220762786581253, -0.5819627762864394, 0.5737002522842648], "Matrix": [[0.9965048883303607, 0.04426461838146363, 0.07084243850432333, 0.02220762786581253], [-0.04670665916178715, 0.9983569830749599, 0.03319370927463164, -0.5819627762864394], [-0.0692567363051428, -0.03638650718339855, 0.9969350663766183, 0.5737002522842648], [0.0, 0.0, 0.0, 1.0]]}
{"ID": 63, "Time": 4333.33333333333, "Position": [0.018233189482193365, -0.583073815910386, 0.6093291793605495], "Matrix": [[0.997633586675735, 0.03372592784470603, 0.05991484396643594, 0.018233189482193365], [-0.03582651055348594, 0.9987679227785192, 0.03433799018933453, -0.583073815910386], [-0.0586829436724986, -0.03640327210149599, 0.9976127073680622, 0.6093291793605495], [0.0, 0.0, 0.0, 1.0]]}
{"ID": 64, "Time": 4399.999999999997, "Position": [0.015472727584585575, -0.5875237674284237, 0.6635998458401714], "Matrix": [[0.9989010808627918, 0.017272594639439177, 0.04356934846388946, 0.015472727584585575], [-0.01936820281687284, 0.9986526126165627, 0.04814386808055629, -0.5875237674284237], [-0.04267907415573455, -0.04893482184023096, 0.9978897132652857, 0.6635998458401714], [0.0, 0.0, 0.0, 1.0]]}
{"ID": 65, "Time": 4466.666666666664, "Position": [0.028799211275423304, -0.5895524057549915, 0.7222877555141998], "Matrix": [[0.9999371432441567, 0.006602708374055033, 0.009061666670214803, 0.028799211275423304], [-0.007118767443630362, 0.9982823679394343, 0.05815184443609325, -0.5895524057549915], [-0.008662142390794944, -0.05821269709748265, 0.9982666222937829, 0.7222877555141998], [0.0, 0.0, 0.0, 1.0]]}
{"ID": 66, "Time": 4533.333333333331, "Position": [0.00848026668742468, -0.5843869211034244, 0.7890846579812855], "Matrix": [[0.9998160662707987, 0.002404560873080218, -0.01902765655023114, 0.00848026668742468], [-0.0011674880294685092, 0.997900159996967, 0.06476038642355966, -0.5843869211034244], [0.01914342180716264, -0.06472626024292903, 0.9977194197952036, 0.7890846579812855], [0.0, 0.0, 0.0, 1.0]]}
{"ID": 67, "Time": 4599.999999999998, "Position": [0.0021713997153197506, -0.5802028976179375, 0.837095978431664], "Matrix": [[0.9987823904547086, 0.004342517734054505, -0.049141418959034684, 0.0021713997153197506], [-0.0008829518212959819, 0.9975322636175592, 0.07020401297724788, -0.5802028976179375], [0.0493250130629402, -0.07007514239555807, 0.9963214930455847, 0.837095978431664], [0.0, 0.0, 0.0, 1.0]]}
{"ID": 68, "Time": 4666.666666666665, "Position": [-0.019074628693938035, -0.5882065576526722, 0.9216541225619096], "Matrix": [[0.9984187277665098, 0.01688852690466524, -0.05361736383014722, -0.019074628693938035], [-0.012256967727932127, 0.9962572559565165, 0.08556428399810481, -0.5882065576526722], [0.05486174247342507, -0.08477179727351723, 0.9948889041495022, 0.9216541225619096], [0.0, 0.0, 0.0, 1.0]]}
{"ID": 69, "Time": 4733.333333333332, "Position": [-0.08527379312538248, -0.5884671897415179, 0.9209640367842615], "Matrix": [[0.9993798955442464, 0.022244626631956636, -0.02729470585985197, -0.08527379312538248], [-0.020420440874099825, 0.9976512936903171, 0.0653827331376106, -0.5884671897415179], [0.028685013098801004, -0.06478481908627558, 0.9974868907607158, 0.9209640367842615], [0.0, 0.0, 0.0, 1.0]]}
{"ID": 70, "Time": 4799.999999999999, "Position": [-0.05403335779136924, -0.6194381281900584, 0.9547436525153397], "Matrix": [[0.9989200711214998, 0.04112561910396897, -0.02161885667497074, -0.05403335779136924], [-0.03981162186420088, 0.9975195255690729, 0.058050244383583575, -0.6194381281900584], [0.02395258389317417, -0.05712687250118946, 0.9980795530232414, 0.9547436525153397], [0.0, 0.0, 0.0, 1.0]]}
{"ID": 71, "Time": 4866.666666666666, "Position": [0.007519839152897608, -0.6489154300338019, 1.019629537377443], "Matrix": [[0.9990833211667925, 0.03880921151124373, -0.01806550492533465, 0.007519839152897608], [-0.0376478465373555, 0.9974452950217629, 0.06070850920627235, -0.6489154300338019], [0.02037540226428604, -0.05997273164383854, 0.9979920412717451, 1.019629537377443], [0.0, 0.0, 0.0, 1.0]]}
{"ID": 72, "Time": 4933.333333333333, "Position": [0.040624343635639236, -0.6491303381247803, 1.1084993051665257], "Matrix": [[0.9996896826461288, 0.023457382225073677, -0.00838389110313044, 0.040624343635639236], [-0.022856821556490325, 0.9975775453530843, 0.06570088824094934, -0.6491303381247803], [0.009904752355163223, -0.06548887101227012, 0.9978041409286299, 1.1084993051665257], [0.0, 0.0, 0.0, 1.0]]}
{"ID": 73, "Time": 5000.0, "Position": [0.052093471949805945, -0.6229687084610487, 1.135735758105759], "Matrix": [[0.9998931001377143, 0.013387452075507483, -0.005879151632416599, 0.052093471949805945], [-0.013076230858134955, 0.998657715536654, 0.05011765542856447, -0.6229687084610487], [0.006542207848709455, -0.05003542071410561, 0.998726016578334, 1.135735758105759], [0.0, 0.0, 0.0, 1.0]]}
{"ID": 74, "Time": 5066.666666666667, "Position": [0.09013767931106108, -0.6442182807286669, 1.210309882167907], "Matrix": [[0.9998165481656645, 0.012101978272970028, -0.01484628357455351, 0.09013767931106108], [-0.010988906033255405, 0.9972793593964494, 0.07289117412965625, -0.6442182807286669], [0.015688019578257127, -0.07271465769491146, 0.9972293941706813, 1.210309882167907], [0.0, 0.0, 0.0, 1.0]]}
{"ID": 75, "Time": 5133.333333333334, "Position": [0.07845562412302497, -0.6341428748796544, 1.2501868065339345], "Matrix": [[0.9999926553162753, -0.00013864627435261894, -0.0038301554427506877, 0.07845562412302497], [0.0004270275062151496, 0.9971536913738729, 0.07539451854722619, -0.6341428748796544], [0.0038088004691713964, -0.07539560038006002, 0.9971464268011576, 1.2501868065339345], [0.0, 0.0, 0.0, 1.0]]}
{"ID": 76, "Time": 5200.000000000001, "Position": [0.09856532529691606, -0.6004525071117346, 1.2914066372447577], "Matrix": [[0.9999634064469597, -0.006277758553876173, 0.0058116705457071025, 0.09856532529691606], [0.0058868159793701485, 0.9978677469066423, 0.0650023467352253, -0.6004525071117346], [-0.006207347631447527, -0.064965755833367, 0.9978681873896881, 1.2914066372447577], [0.0, 0.0, 0.0, 1.0]]}
{"ID": 77, "Time": 5266.666666666668, "Position": [0.1799076215079075, -0.6768160167984216, 1.2250177280495858], "Matrix": [[0.9999920619588969, -0.0037001860723788475, -0.0014780535252150093, 0.1799076215079075], [0.0038121771386859524, 0.9963923866494309, 0.08478018124841669, -0.6768160167984216], [0.0011590188337154421, -0.08478514286171178, 0.9963985830104648, 1.2250177280495858], [0.0, 0.0, 0.0, 1.0]]}
{"ID": 78, "Time": 5333.333333333335, "Position": [0.45880600515241055, -0.5570109290449176, 1.1242177599649061], "Matrix": [[0.9995902054657502, 0.009816130102071859, -0.026889862899587117, 0.45880600515241055], [-0.008006661566824714, 0.9977481748368849, 0.06659183869078249, -0.5570109290449176], [0.027482985782002017, -0.06634925168744604, 0.9974178975199023, 1.1242177599649061], [0.0, 0.0, 0.0, 1.0]]}
{"ID": 79, "Time": 5400.000000000002, "Position": [0.5985058323846988, -0.47391058506125566, 1.2001270793893961], "Matrix": [[0.9991943794510406, 0.02646961701604612, -0.0301654015135507, 0.5985058323846988], [-0.02502289120640855, 0.998564031955585, 0.04736801663863207, -0.47391058506125566], [0.03137589822016459, -0.04657503043079333, 0.9984219145988577, 1.2001270793893961], [0.0, 0.0, 0.0, 1.0]]}
{"ID": 80, "Time": 5466.666666666669, "Position": [0.5936851808433368, -0.4639176587154837, 1.2633820648897305], "Matrix": [[0.9997120529851768, 0.019659022534730383, -0.013759867337369516, 0.5936851808433368], [-0.019326063113947075, 0.9995269041017536, 0.02392637166976332, -0.4639176587154837], [0.014223726680402003, -0.02365355807786392, 0.9996190248237468, 1.2633820648897305], [0.0, 0.0, 0.0, 1.0]]}
{"ID": 81, "Time": 5533.333333333336, "Position": [0.6097456231672815, -0.4823726280061779, 1.3091988549071831], "Matrix": [[0.9999239798389595, 0.011585114046713042, -0.004221335753135999, 0.6097456231672815], [-0.011439227271554813, 0.9993871281088655, 0.03308341351408122, -0.4823726280061779], [0.00460202373372506, -0.033032609688588455, 0.9994436792909922, 1.3091988549071831], [0.0, 0.0, 0.0, 1.0]]}
{"ID": 82, "Time": 5600.000000000003, "Position": [0.6203973631443479, -0.484522761172653, 1.3711167972707257], "Matrix": [[0.9999551695607777, -0.0009022748236335208, 0.00942575030535951, 0.6203973631443479], [0.0005836044941449957, 0.9994299101991857, 0.03375668830086931, -0.484522761172653], [-0.009450834591228521, -0.03374967406346719, 0.9993856318889816, 1.3711167972707257], [0.0, 0.0, 0.0, 1.0]]}
{"ID": 83, "Time": 5666.66666666667, "Position": [0.6243248065298493, -0.4849747244159359, 1.4258880689727587], "Matrix": [[0.9999278814758243, -0.009031622544448772, 0.00791591065414402, 0.6243248065298493], [0.008826413923332395, 0.9996336583444613, 0.025586002464685276, -0.4849747244159359], [-0.008144093843012257, -0.025514288135934378, 0.9996412830792818, 1.4258880689727587], [0.0, 0.0, 0.0, 1.0]]}
{"ID": 84, "Time": 5733.333333333337, "Position": [0.6391430427240978, -0.49297884802275566, 1.4703924786002327], "Matrix": [[0.9999582458807644, -0.009138182945114126, -1.0369484618241514e-05, 0.6391430427240978], [0.009133287189425712, 0.9993840725819049, 0.033883012480023386, -0.49297884802275566], [-0.0002992660690056851, -0.033881692432161256, 0.9994258058294034, 1.4703924786002327], [0.0, 0.0, 0.0, 1.0]]}
{"ID": 85, "Time": 5800.000000000004, "Position": [0.6416091587536783, -0.504454827098159, 1.5010130348200366], "Matrix": [[0.9999413712689474, 0.000592579832702442, -0.010812163239559188, 0.6416091587536783], [-4.5641903721018035e-05, 0.998723265757306, 0.050515704012497754, -0.504454827098159], [0.010828293567946217, -0.05051224885315968, 0.9986647389260336, 1.5010130348200366], [0.0, 0.0, 0.0, 1.0]]}
{"ID": 86, "Time": 5866.666666666671, "Position": [0.6543857296083685, -0.49731313369125196, 1.5457687877508022], "Matrix": [[0.9997330445642119, 0.012988370332681465, -0.019108685001138867, 0.6543857296083685], [-0.011982087835382025, 0.9985822348281721, 0.05186472651695508, -0.49731313369125196], [0.01975523164827028, -0.05162191900418342, 0.9984712856666679, 1.5457687877508022], [0.0, 0.0, 0.0, 1.0]]}
{"ID": 87, "Time": 5933.333333333338, "Position": [0.6159936331478248, -0.5127925837947176, 1.5964375095944399], "Matrix": [[0.9996912693944066, 0.021792403985939245, -0.011935536230671196, 0.6159936331478248], [-0.021080350665903996, 0.9981604512686642, 0.05684480925237873, -0.5127925837947176], [0.013152365277871746, -0.056575654230865254, 0.9983116801059412, 1.5964375095944399], [0.0, 0.0, 0.0, 1.0]]}
{"ID": 88, "Time": 6000.000000000005, "Position": [0.5961155196559348, -0.5262952012255526, 1.6492713883369974], "Matrix": [[0.9990843288614797, 0.040663371435698044, -0.013303910962159611, 0.5961155196559348], [-0.039979419042729634, 0.9980388550223586, 0.04816731172346421, -0.5262952012255526], [0.01523646535166346, -0.04759132367503558, 0.9987506776140107, 1.6492713883369974], [0.0, 0.0, 0.0, 1.0]]}
{"ID": 89, "Time": 6066.6666666666715, "Position": [0.5890946225076447, -0.5304560540511455, 1.6970213328467598], "Matrix": [[0.9985698268348696, 0.05008217814474252, -0.018710327823336932, 0.5890946225076447], [-0.0494421914063032, 0.9982240257646965, 0.033230469377741684, -0.5304560540511455], [0.02034135305039807, -0.032257864442656846, 0.9992725651881363, 1.6970213328467598], [0.0, 0.0, 0.0, 1.0]]}
{"ID": 90, "Time": 6133.3333333333385, "Position": [0.5734844919588108, -0.534339914583371, 1.7461162255869043], "Matrix": [[0.9984367827352671, 0.05285275937705305, -0.01818176854654708, 0.5734844919588108], [-0.05216775430981886, 0.9979789026016349, 0.03628547053996828, -0.534339914583371], [0.02006280866477207, -0.035280246431506984, 0.999176054517027, 1.7461162255869043], [0.0, 0.0, 0.0, 1.0]]}
{"ID": 91, "Time": 6200.0000000000055, "Position": [0.558007887396473, -0.5339291533815146, 1.7970881776766923], "Matrix": [[0.9985372216862701, 0.051624195551081234, -0.016073560301571147, 0.558007887396473], [-0.050877125947813705, 0.9977415869834475, 0.04385480200664533, -0.5339291533815146], [0.018301228438408746, -0.04297287560142428, 0.9989086029263086, 1.7970881776766923], [0.0, 0.0, 0.0, 1.0]]}
{"ID": 92, "Time": 6266.666666666672, "Position": [0.5757136903966267, -0.5354844348380672, 1.857714705788833], "Matrix": [[0.9987751084834824, 0.042834903406888225, -0.02476799797986269, 0.5757136903966267], [-0.041525852639485404, 0.997827348441051, 0.05114866826873436, -0.5354844348380672], [0.026905134015121904, -0.05005750446460397, 0.9983838740736974, 1.857714705788833], [0.0, 0.0, 0.0, 1.0]]}
{"ID": 93, "Time": 6333.333333333339, "Position": [0.6002599153698202, -0.5323581884418082, 1.9510195640029475], "Matrix": [[0.999640258203799, 0.02212044574446261, -0.015167071513921082, 0.6002599153698202], [-0.021288278064211495, 0.9983680232568362, 0.052991502670695544, -0.5323581884418082], [0.016314514865693124, -0.052649558576533265, 0.9984797747507925, 1.9510195640029475], [0.0, 0.0, 0.0, 1.0]]}
{"ID": 94, "Time": 6400.000000000006, "Position": [0.5965891166523174, -0.5541884760102588, 1.9998563117618287], "Matrix": [[0.9999802392961162, 0.001965313421370457, -0.005971478915474158, 0.5965891166523174], [-0.0015708317138710584, 0.9978603825667908, 0.06536198735797952, -0.5541884760102588], [0.006087159026086651, -0.06535131557064294, 0.9978437513199034, 1.9998563117618287], [0.0, 0.0, 0.0, 1.0]]}
{"ID": 95, "Time": 6466.666666666673, "Position": [0.5957150861771264, -0.5484301488441388, 2.066862495766925], "Matrix": [[0.9999590735081021, -0.008591801873265945, -0.002834122331260923, 0.5957150861771264], [0.008749622602581891, 0.9980752172333571, 0.06139466466151082, -0.5484301488441388], [0.002301176466591851, -0.061416949494073066, 0.9981095445399328, 2.066862495766925], [0.0, 0.0, 0.0, 1.0]]}
{"ID": 96, "Time": 6533.33333333334, "Position": [0.603672400183546, -0.5696653786434285, 2.1465529356345767], "Matrix": [[0.9999554023347453, -0.004269595581018504, 0.00842400707098828, 0.603672400183546], [0.0036450988005439365, 0.9973396138548585, 0.07280390024288577, -0.5696653786434285], [-0.008712439170047987, -0.07276994702084327, 0.9973106979343458, 2.1465529356345767], [0.0, 0.0, 0.0, 1.0]]}
