{"ID": 1, "Time": 200.0, "Position": [-0.0014940969521510424, -0.0010680476452587502, -0.0015055979572439968], "Matrix": [[0.9999999404555654, -0.00030982559358726263, 0.0001519768642467762, -0.0014940969521510424], [0.00030979782566348637, 0.9999999353228156, 0.00018270104468359725, -0.0010680476452587502], [-0.00015203345987695866, -0.00018265395170267203, 0.9999999717616801, -0.0015055979572439968], [0.0, 0.0, 0.0, 1.0]]}
{"ID": 2, "Time": 266.6666666666667, "Position": [-0.0011437821876393915, -0.0009614971492076934, 0.0001643816673525757], "Matrix": [[0.9999999696725502, -0.00017188690467926764, 0.00017637967743287854, -0.0011437821876393915], [0.00017185208042244096, 0.9999999657430753, 0.00019743533298227563, -0.0009614971492076934], [-0.00017641360793891386, -0.0001974050157800544, 0.9999999649547487, 0.0001643816673525757], [0.0, 0.0, 0.0, 1.0]]}
{"ID": 3, "Time": 333.33333333333337, "Position": [-2.230264965829166e-06, -0.0003844417399966954, 0.0001682122868295098], "Matrix": [[0.9999999921781583, -9.009001950400835e-05, 8.676100340949158e-05, -2.230264965829166e-06], [9.008079584994491e-05, 0.9999999902919129, 0.00010630909852302179, -0.0003844417399966954], [-8.677057995596759e-05, -0.00010630128219125299, 0.9999999905854519, 0.0001682122868295098], [0.0, 0.0, 0.0, 1.0]]}
{"ID": 4, "Time": 400.00000000000006, "Position": [-0.0009043319943762298, -0.0003094466635310554, -0.00045738611118854947], "Matrix": [[0.9999999725484041, -2.1940819621930096e-05, 0.0002332847862748306, -0.0009043319943762298], [2.1931460229418104e-05, 0.9999999989545976, 4.012251196512273e-05, -0.0003094466635310554], [-0.00023328566635175192, -4.011739458768343e-05, 0.9999999719841959, -0.00045738611118854947], [0.0, 0.0, 0.0, 1.0]]}
{"ID": 5, "Time": 466.66666666666674, "Position": [0.00011810134328403819, -0.00025554119279066134, -8.278292231248243e-05], "Matrix": [[0.9999999551463632, -0.00029787120763023604, 3.130519414728152e-05, 0.00011810134328403819], [0.0002978691417274558, 0.9999999534605508, 6.597628888250698e-05, -0.00025554119279066134], [-3.132484512719942e-05, -6.596696107191823e-05, 0.999999997333557, -8.278292231248243e-05], [0.0, 0.0, 0.0, 1.0]]}
{"ID": 6, "Time": 533.3333333333334, "Position": [-0.002497676818116951, -0.0013395565929908758, -0.0019551805385384976], "Matrix": [[0.999999878430516, -4.0677665387909236e-06, 0.0004930744432505633, -0.002497676818116951], [3.932863804133512e-06, 0.9999999625649548, 0.0002735957264531312, -0.0013395565929908758], [-0.0004930755377158405, -0.0002735937539976093, 0.9999998410114733, -0.0019551805385384976], [0.0, 0.0, 0.0, 1.0]]}
{"ID": 7, "Time": 600.0, "Position": [-7.694933066529709e-05, -0.00047550582336341145, -0.0013096831874938545], "Matrix": [[0.9999999638337155, -0.00024113998416551045, 0.00011909691745058034, -7.694933066529709e-05], [0.00024112906919891028, 0.999999966728192, 9.165362473763695e-05, -0.00047550582336341145], [-0.0001191190148416285, -9.162490369401655e-05, 0.9999999887077686, -0.0013096831874938545], [0.0, 0.0, 0.0, 1.0]]}
{"ID": 8, "Time": 666.6666666666666, "Position": [0.000978491907172804, -0.0005203534055080127, -0.0014080887394187192], "Matrix": [[0.9999999952193995, -6.0092862017647814e-05, -7.713656010967435e-05, 0.000978491907172804], [6.0089631990539146e-05, 0.9999999973178278, -4.187577446017442e-05, -0.0005203534055080127], [7.713907633791735e-05, 4.1871139152473066e-05, 0.9999999961481852, -0.0014080887394187192], [0.0, 0.0, 0.0, 1.0]]}
{"ID": 9, "Time": 733.3333333333333, "Position": [-0.000387814813908943, -0.0012488406328377715, -0.0015560298426197626], "Matrix": [[0.9999999505124444, 0.00029411814970464533, 0.00011166746514629446, -0.000387814813908943], [-0.000294113738055456, 0.9999999559675834, -3.952138987491323e-05, -0.0012488406328377715], [-0.0001116790841873699, 3.94885449835029e-05, 0.9999999929842185, -0.0015560298426197626], [0.0, 0.0, 0.0, 1.0]]}
{"ID": 10, "Time": 799.9999999999999, "Position": [-0.0008917565232279649, -0.0011189693248488339, -0.0034889040345058063], "Matrix": [[0.9999999369160325, 0.00035476474933939737, 1.7604078782548572e-05, -0.0008917565232279649], [-0.0003547699962465571, 0.9999998923841483, 0.0002989480583725721, -0.0011189693248488339], [-1.7498020655076598e-05, -0.0002989542849127061, 0.9999999551600764, -0.0034889040345058063], [0.0, 0.0, 0.0, 1.0]]}
{"ID": 11, "Time": 866.6666666666665, "Position": [0.0008446732799250576, -0.005856216359918673, -0.0011721295792544632], "Matrix": [[0.9999990362772051, 0.0013877631817831996, 3.947166384713979e-05, 0.0008446732799250576], [-0.0013878198182666376, 0.9999979521416538, 0.001472979514711529, -0.005856216359918673], [-3.7427436276726e-05, -0.0014730328747249413, 0.9999989143860792, -0.0011721295792544632], [0.0, 0.0, 0.0, 1.0]]}
{"ID": 12, "Time": 933.3333333333331, "Position": [0.002349617804449151, 0.00016328653946751692, -0.0034774879718422113], "Matrix": [[0.9999998681296416, -0.0004857779598988737, -0.0001666147443397188, 0.002349617804449151], [0.000485644074720847, 0.999999559941073, -0.0008026627516496534, 0.00016328653946751692], [0.0001670045868933964, 0.000802581730338879, 0.9999996639859606, -0.0034774879718422113], [0.0, 0.0, 0.0, 1.0]]}
{"ID": 13, "Time": 999.9999999999998, "Position": [-0.0007102719417437163, -0.005170290578862242, -0.001853288114319398], "Matrix": [[0.999999353689465, 0.0011287411229193808, 0.00013625024655538936, -0.0007102719417437163], [-0.0011287969070983895, 0.9999992788403737, 0.0004100442356231233, -0.005170290578862242], [-0.0001357873145062486, -0.00041019776946411715, 0.9999999066497932, -0.001853288114319398], [0.0, 0.0, 0.0, 1.0]]}
{"ID": 14, "Time": 1066.6666666666665, "Position": [-0.0010789516704019003, -0.0018522445300739228, -0.0010310374230719014], "Matrix": [[0.9999992607398899, 0.0012029777118774234, 0.00017709968501800717, -0.0010789516704019003], [-0.0012034108375370805, 0.9999962347916123, 0.0024662126742666167, -0.0018522445300739228], [-0.0001741322193208953, -0.0024664239747742385, 0.9999969432107014, -0.0010310374230719014], [0.0, 0.0, 0.0, 1.0]]}
{"ID": 15, "Time": 1133.3333333333333, "Position": [-0.0007396993754477116, -0.004013946465932624, -0.00014723664769939322], "Matrix": [[0.9999990295845005, 0.0013627511712636937, 0.0002893774397175667, -0.0007396993754477116], [-0.0013632263752570166, 0.9999977122559632, 0.0016483618199471058, -0.004013946465932624], [-0.00028713047069525537, -0.0016487547073094741, 0.9999985995810233, -0.00014723664769939322], [0.0, 0.0, 0.0, 1.0]]}
{"ID": 16, "Time": 1200.0, "Position": [0.0005232576791193275, -0.0003204943134572144, 0.0005719101666556868], "Matrix": [[0.9999998784357399, -0.0004927600388324287, -1.7777783502551635e-05, 0.0005232576791193275], [0.0004928306718945713, 0.9999909747482161, 0.004219898107965735, -0.0003204943134572144], [1.5698225898029277e-05, -0.004219906356413932, 0.9999910960323141, 0.0005719101666556868], [0.0, 0.0, 0.0, 1.0]]}
{"ID": 17, "Time": 1266.6666666666667, "Position": [-0.004089323033293494, -0.005062846355674489, -0.004972552401799262], "Matrix": [[0.9999963982389795, 0.002596830617616914, 0.000678218115140874, -0.004089323033293494], [-0.002596727123054687, 0.999996616727439, -0.00015343377692518038, -0.005062846355674489], [-0.0006786142620738306, 0.0001516720769184501, 0.9999997582391029, -0.004972552401799262], [0.0, 0.0, 0.0, 1.0]]}
{"ID": 18, "Time": 1333.3333333333335, "Position": [0.014784643895587885, -0.008451201306980906, -0.01539594850937355], "Matrix": [[0.9997398631071461, 0.010147887484909789, 0.020426122835680984, 0.014784643895587885], [-0.01011918592024216, 0.9999476626194888, -0.0015080113171865239, -0.008451201306980906], [-0.02044035691509054, 0.0013009232932041227, 0.9997902277016759, -0.01539594850937355], [0.0, 0.0, 0.0, 1.0]]}
{"ID": 19, "Time": 1400.0000000000002, "Position": [-0.011080666732820545, -0.025551690106974178, -0.019916360332215062], "Matrix": [[0.9988098749686831, 0.02693939140337335, 0.040658367599542354, -0.011080666732820545], [-0.026176401285760806, 0.9994732637038249, -0.019183095603973053, -0.025551690106974178], [-0.04115373228238821, 0.018095975575807024, 0.998988941874328, -0.019916360332215062], [0.0, 0.0, 0.0, 1.0]]}
{"ID": 20, "Time": 1466.666666666667, "Position": [0.00945365887995179, -0.08094845319248999, -0.037805864483946586], "Matrix": [[0.9964955694966443, 0.03157495389659554, 0.07745709948085139, 0.00945365887995179], [-0.029869130317208194, 0.9992872361189339, -0.02308364754270037, -0.08094845319248999], [-0.07813075596493532, 0.02068917630573651, 0.9967284198597619, -0.037805864483946586], [0.0, 0.0, 0.0, 1.0]]}
{"ID": 21, "Time": 1533.3333333333337, "Position": [0.003617687350883838, -0.14136173820461606, -0.030557414563592133], "Matrix": [[0.9920823729977108, 0.015676971797959776, 0.12460657182699839, 0.003617687350883838], [-0.013097292915205973, 0.9996831639492828, -0.021494944397339795, -0.14136173820461606], [-0.12490406761000311, 0.019692746674788864, 0.9919733714283254, -0.030557414563592133], [0.0, 0.0, 0.0, 1.0]]}
{"ID": 22, "Time": 1600.0000000000005, "Position": [0.013862116022278586, -0.19163341408866993, -0.03291274097964839], "Matrix": [[0.9890938499428689, 0.00834273218812197, 0.14705017791499195, 0.013862116022278586], [-0.0043216417558907955, 0.9996085081890591, -0.027643331358167184, -0.19163341408866993], [-0.14722322988484954, 0.026706350849207416, 0.9887426821001467, -0.03291274097964839], [0.0, 0.0, 0.0, 1.0]]}
{"ID": 23, "Time": 1666.6666666666672, "Position": [0.0015668371211178692, -0.22331265104451584, -0.02995246734852233], "Matrix": [[0.985204739980031, -0.0035633165017644767, 0.1713444574428589, 0.0015668371211178692], [0.007087420926334088, 0.9997756573096357, -0.019960047988390253, -0.22331265104451584], [-0.1712348935979241, 0.02087912418168284, 0.985008971222046, -0.02995246734852233], [0.0, 0.0, 0.0, 1.0]]}
{"ID": 24, "Time": 1733.333333333334, "Position": [-0.0026566834578671578, -0.26610859419515187, -0.027931679251128563], "Matrix": [[0.9794980303999726, -0.01863679402459259, 0.20058982614045798, -0.0026566834578671578], [0.01754015580082468, 0.9998199240857493, 0.007243088819649954, -0.26610859419515187], [-0.20068869269856, -0.0035762144302952247, 0.9796485386674608, -0.027931679251128563], [0.0, 0.0, 0.0, 1.0]]}
{"ID": 25, "Time": 1800.0000000000007, "Position": [-0.0043226527768867925, -0.313471039978604, -0.031119106597732475], "Matrix": [[0.9782967640445601, -0.018293166528207363, 0.2063996160808289, -0.0043226527768867925], [0.01310319995513504, 0.9995633472195227, 0.02648435474463746, -0.313471039978604], [-0.2067939738263135, -0.023205063104316814, 0.9781092870612397, -0.031119106597732475], [0.0, 0.0, 0.0, 1.0]]}
{"ID": 26, "Time": 1866.6666666666674, "Position": [0.02825583105483072, -0.36839647269271447, -0.03479830147958534], "Matrix": [[0.9721024459803314, -0.010951322378517247, 0.23430088146914593, 0.02825583105483072], [0.0019830348313206927, 0.99925747192409, 0.03847820651660257, -0.36839647269271447], [-0.2345482937305551, -0.03694013186276322, 0.9714023494752557, -0.03479830147958534], [0.0, 0.0, 0.0, 1.0]]}
{"ID": 27, "Time": 1933.3333333333342, "Position": [0.024150876986501094, -0.43172500639683314, -0.050858295199227646], "Matrix": [[0.9591794161862988, -0.010960620142480521, 0.28258576108962635, 0.024150876986501094], [-0.00040208340811738973, 0.999194770202004, 0.040120437807896724, -0.43172500639683314], [-0.28279795949307, -0.03859632115962145, 0.9584026492552592, -0.050858295199227646], [0.0, 0.0, 0.0, 1.0]]}
{"ID": 28, "Time": 2000.000000000001, "Position": [0.030202495655893696, -0.4862715760997672, -0.05484984233650967], "Matrix": [[0.9480479194425737, -0.007482024083602167, 0.31803956004909156, 0.030202495655893696], [-0.0022262916344694913, 0.9995428736329303, 0.030151076186137184, -0.4862715760997672], [-0.31811976685859306, -0.029292713859189537, 0.9475978845737247, -0.05484984233650967], [0.0, 0.0, 0.0, 1.0]]}
{"ID": 29, "Time": 2066.6666666666674, "Position": [-0.000664216211484654, -0.5356824750674603, -0.06267218404819401], "Matrix": [[0.9332509202056852, -0.006634916418234417, 0.35916388713143865, -0.000664216211484654], [0.0011228718151452739, 0.9998784094075152, 0.015553313459975935, -0.5356824750674603], [-0.35922341111643674, -0.014111849092892101, 0.9331448958340023, -0.06267218404819401], [0.0, 0.0, 0.0, 1.0]]}
{"ID": 30, "Time": 2133.333333333334, "Position": [-0.0008465914568546117, -0.551093820757921, -0.06852016747426527], "Matrix": [[0.9244911369522034, -0.01622722254088388, 0.3808579984002316, -0.0008465914568546117], [0.013007618256789734, 0.9998546012737174, 0.011026249546484498, -0.551093820757921], [-0.38098154753755176, -0.005239614526312925, 0.9245677946346108, -0.06852016747426527], [0.0, 0.0, 0.0, 1.0]]}
{"ID": 31, "Time": 2200.0000000000005, "Position": [-0.04310962438856824, -0.5625376197065305, -0.06271794409230998], "Matrix": [[0.9195134646783107, -0.04136245748442052, 0.3908761125806214, -0.04310962438856824], [0.027837844773193416, 0.998803536770315, 0.04020633449462441, -0.5625376197065305], [-0.39207147648569474, -0.026089117385598555, 0.9195647422995119, -0.06271794409230998], [0.0, 0.0, 0.0, 1.0]]}
{"ID": 32, "Time": 2266.666666666667, "Position": [-0.2259841237646987, -0.541500547708415, 0.08042708821033405], "Matrix": [[0.9194813584139618, -0.05805955234861007, 0.38882273584539073, -0.2259841237646987], [0.038168545852606754, 0.9975460397679508, 0.05869463902926267, -0.541500547708415], [-0.3912763647816118, -0.03912782800459278, 0.9194410364123031, 0.08042708821033405], [0.0, 0.0, 0.0, 1.0]]}
{"ID": 33, "Time": 2333.3333333333335, "Position": [-0.22134892350229085, -0.47149827065812494, 0.17306486440527935], "Matrix": [[0.9291925085995403, -0.03692005314105716, 0.36774745633186207, -0.22134892350229085], [0.030737509165817394, 0.9992706664384937, 0.022657023764163196, -0.47149827065812494], [-0.3683157442911918, -0.009749095939115559, 0.9296496477897441, 0.17306486440527935], [0.0, 0.0, 0.0, 1.0]]}
{"ID": 34, "Time": 2400.0, "Position": [-0.17761777918597396, -0.5265117274000026, 0.09245716754854766], "Matrix": [[0.9407890780946285, -0.01884783953909373, 0.3384681218114454, -0.17761777918597396], [0.014272476124555896, 0.999770092158355, 0.01600185148501019, -0.5265117274000026], [-0.338691905665212, -0.010223588918912768, 0.9408417886480618, 0.09245716754854766], [0.0, 0.0, 0.0, 1.0]]}
{"ID": 35, "Time": 2466.6666666666665, "Position": [-0.22358198804802012, -0.5186991192996064, 0.09747594279421783], "Matrix": [[0.951498847143756, -0.03377232029233255, 0.30579302520851487, -0.22358198804802012], [0.026937214367118302, 0.9992846053364894, 0.026545508464454436, -0.5186991192996064], [-0.3064707659243263, -0.017020808428761837, 0.9517278821775624, 0.09747594279421783], [0.0, 0.0, 0.0, 1.0]]}
{"ID": 36, "Time": 2533.333333333333, "Position": [-0.047937536913746776, -0.5725811202931662, -0.0058215964714743], "Matrix": [[0.9739275939977059, -0.05275118656499538, 0.22064078037802695, -0.047937536913746776], [0.04405979364118054, 0.9980536273212842, 0.04413265882681215, -0.5725811202931662], [-0.22253938131067108, -0.033260626975633874, 0.9743561743320824, -0.0058215964714743], [0.0, 0.0, 0.0, 1.0]]}
{"ID": 37, "Time": 2599.9999999999995, "Position": [0.09286894778110028, -0.5281416716222173, -0.1840111516356326], "Matrix": [[0.9848617036088473, -0.013721076470079724, 0.17279802320970372, 0.09286894778110028], [0.012091098096043605, 0.9998719588443824, 0.010481949414565228, -0.5281416716222173], [-0.1729197215805963, -0.008233952708139522, 0.9849015036597767, -0.1840111516356326], [0.0, 0.0, 0.0, 1.0]]}
{"ID": 38, "Time": 2666.666666666666, "Position": [0.08086603509945536, -0.5367884764323667, -0.2638570784414399], "Matrix": [[0.9840353939457567, -0.006877074507199981, 0.1778399541954557, 0.08086603509945536], [0.013214853116389149, 0.9993180982293968, -0.03447761894757074, -0.5367884764323667], [-0.17748157966147254, 0.03627732621630278, 0.983455257997772, -0.2638570784414399], [0.0, 0.0, 0.0, 1.0]]}
{"ID": 39, "Time": 2733.3333333333326, "Position": [0.018405547882710538, -0.5296709761110184, -0.07435681960557577], "Matrix": [[0.9785053151721055, -0.022185892612260765, 0.20502471643422848, 0.018405547882710538], [0.0326782351314229, 0.998315897727905, -0.04793225732659268, -0.5296709761110184], [-0.20361601392973494, 0.05360181445365905, 0.9775824079629509, -0.07435681960557577], [0.0, 0.0, 0.0, 1.0]]}
{"ID": 40, "Time": 2799.999999999999, "Position": [0.0459356127508041, -0.5273983081555805, 0.021926088302853065], "Matrix": [[0.9772590444937755, -0.03182557640249624, 0.20964706685704376, 0.0459356127508041], [0.036183686910374, 0.9992008190792984, -0.016984226589141803, -0.5273983081555805], [-0.20893898812018052, 0.02418379287680401, 0.9776296044031231, 0.021926088302853065], [0.0, 0.0, 0.0, 1.0]]}
{"ID": 41, "Time": 2866.6666666666656, "Position": [0.05383821379753791, -0.5236403330095482, 0.011584206296433894], "Matrix": [[0.9795196948598927, -0.02299031295485861, 0.2000315297442393, 0.05383821379753791], [0.022815598976981724, 0.9997346362563593, 0.0031789169046482916, -0.5236403330095482], [-0.20005153292315553, 0.0014500274489707065, 0.9797843036074281, 0.011584206296433894], [0.0, 0.0, 0.0, 1.0]]}
{"ID": 42, "Time": 2933.333333333332, "Position": [0.01934778846178216, -0.5324070598706185, -0.018642821120584213], "Matrix": [[0.9802128915646426, -0.0009654722239761711, 0.19794381797335026, 0.01934778846178216], [-0.0004367610564486831, 0.9999751219972869, 0.007040214932135825, -0.5324070598706185], [-0.19794569065847747, -0.006987363586920958, 0.9801880841449985, -0.018642821120584213], [0.0, 0.0, 0.0, 1.0]]}
{"ID": 43, "Time": 2999.9999999999986, "Position": [0.00660776604065006, -0.5381516316098358, -0.017669276669712512], "Matrix": [[0.9778504739415953, 0.004796155882525194, 0.209249725211165, 0.00660776604065006], [-0.006926453061969041, 0.999931367605002, 0.009449038446885135, -0.5381516316098358], [-0.20919004484003983, -0.010689105123484038, 0.9778165820702169, -0.017669276669712512], [0.0, 0.0, 0.0, 1.0]]}
{"ID": 44, "Time": 3066.666666666665, "Position": [0.040123406725577244, -0.5371626413428271, -0.027585939403408533], "Matrix": [[0.9804233814407854, -0.0037820061719066943, 0.19686464780028867, 0.040123406725577244], [0.0014280199332648417, 0.9999257972610843, 0.012097963913611766, -0.5371626413428271], [-0.19689579447841501, -0.011580000047517872, 0.9803560321207868, -0.027585939403408533], [0.0, 0.0, 0.0, 1.0]]}
{"ID": 45, "Time": 3133.3333333333317, "Position": [0.039669358025435926, -0.5406718104220416, -0.01778503037158179], "Matrix": [[0.982333936192195, -0.011230795765396774, 0.1867991087548985, 0.039669358025435926], [0.007852950865762803, 0.999792180507546, 0.018812946570550052, -0.5406718104220416], [-0.1869715726196054, -0.01701367163320139, 0.9822179829394844, -0.01778503037158179], [0.0, 0.0, 0.0, 1.0]]}
{"ID": 46, "Time": 3199.999999999998, "Position": [0.047886980612272693, -0.541545928202295, -0.014327139066499937], "Matrix": [[0.9856389338824257, -0.017554568351722828, 0.1679515678554382, 0.047886980612272693], [0.013722983923655762, 0.9996190325803538, 0.023947221453621614, -0.541545928202295], [-0.1683079669158482, -0.021298517157361002, 0.985504338620359, -0.014327139066499937], [0.0, 0.0, 0.0, 1.0]]}
{"ID": 47, "Time": 3266.6666666666647, "Position": [0.03528332400160267, -0.5359305120585525, 0.020640628075932217], "Matrix": [[0.9862536230048247, -0.0186109791932361, 0.164187157120544, 0.03528332400160267], [0.013970634820549213, 0.9994709067459973, 0.029372230610643365, -0.5359305120585525], [-0.16464693277607126, -0.026674670041124976, 0.9859918100601186, 0.020640628075932217], [0.0, 0.0, 0.0, 1.0]]}
{"ID": 48, "Time": 3333.333333333331, "Position": [0.013834830127325533, -0.5378120705156115, 0.04890490118842972], "Matrix": [[0.9851520338727116, -0.022675832006670272, 0.17018013044790237, 0.013834830127325533], [0.01781903118798236, 0.9993906752190286, 0.030012670870416022, -0.5378120705156115], [-0.17075699775992054, -0.02653459869791655, 0.9849558176831887, 0.04890490118842972], [0.0, 0.0, 0.0, 1.0]]}
{"ID": 49, "Time": 3399.9999999999977, "Position": [0.021611761430970017, -0.5548057067103023, 0.07446091488647608], "Matrix": [[0.9872930220514171, -0.014553227029797628, 0.15824251069671222, 0.021611761430970017], [0.009187424117429333, 0.9993594402034067, 0.03458757745810009, -0.5548057067103023], [-0.15864450777340636, -0.032694232814867566, 0.986794308503034, 0.07446091488647608], [0.0, 0.0, 0.0, 1.0]]}
{"ID": 50, "Time": 3466.6666666666642, "Position": [0.0386111124034374, -0.5429562460384019, 0.11596254678543337], "Matrix": [[0.9865325255878494, 0.005964538480136951, 0.1634564169372929, 0.0386111124034374], [-0.010447913458487711, 0.9995920192296387, 0.026582629606148222, -0.5429562460384019], [-0.1632311767452012, -0.027932407220515067, 0.9861923562699338, 0.11596254678543337], [0.0, 0.0, 0.0, 1.0]]}
{"ID": 51, "Time": 3533.3333333333308, "Position": [0.010288450595054725, -0.5474374619209591, 0.1560025429124504], "Matrix": [[0.9841314635440452, 0.007043597907403054, 0.17730101576464377, 0.010288450595054725], [-0.01350578588663011, 0.9992866577236766, 0.035267115604029335, -0.5474374619209591], [-0.17692613207279512, -0.03710206765076973, 0.9835245702908482, 0.1560025429124504], [0.0, 0.0, 0.0, 1.0]]}
{"ID": 52, "Time": 3599.9999999999973, "Position": [0.01955899511709177, -0.5591372567346095, 0.16358775756228644], "Matrix": [[0.985414145626169, 0.00016353536753018993, 0.17017324953126708, 0.01955899511709177], [-0.005558919581667466, 0.9994967892080668, 0.031229261532251536, -0.5591372567346095], [-0.17008250942684225, -0.03171973548043518, 0.9849191836735232, 0.16358775756228644], [0.0, 0.0, 0.0, 1.0]]}
{"ID": 53, "Time": 3666.666666666664, "Position": [-2.6075120864327847e-05, -0.5657590212715026, 0.19174861809420796], "Matrix": [[0.9860548917649956, 0.00822826371467826, 0.16621686467553345, -2.6075120864327847e-05], [-0.011375268457954826, 0.9997734561325982, 0.01798998833210594, -0.5657590212715026], [-0.1660311828959619, -0.019629877455591995, 0.9859251057850419, 0.19174861809420796], [0.0, 0.0, 0.0, 1.0]]}
{"ID": 54, "Time": 3733.3333333333303, "Position": [-0.00823433733330987, -0.5563334085945354, 0.24868499600962019], "Matrix": [[0.9868473334094644, 0.012228689465907178, 0.161191810265211, -0.00823433733330987], [-0.01457027538972999, 0.9998046879545222, 0.01335264090837643, -0.5563334085945354], [-0.16099704226381553, -0.015525627140538638, 0.9868327656113756, 0.24868499600962019], [0.0, 0.0, 0.0, 1.0]]}
{"ID": 55, "Time": 3799.999999999997, "Position": [-0.007795793991662126, -0.5538865572115305, 0.29998620032661183], "Matrix": [[0.9884037223262878, -0.00016210186129625396, 0.15184879128437342, -0.007795793991662126], [-0.0038267966998883156, 0.9996552349307214, 0.025976275765049833, -0.5538865572115305], [-0.15180064992797748, -0.02625614211171846, 0.9880623349176169, 0.29998620032661183], [0.0, 0.0, 0.0, 1.0]]}
{"ID": 56, "Time": 3866.6666666666633, "Position": [0.02298920350357935, -0.5573552699453995, 0.3304939734061837], "Matrix": [[0.990883833432712, -0.013580308451619024, 0.13403284621335274, 0.02298920350357935], [0.00857697428160696, 0.9992471437355271, 0.03783624252702057, -0.5573552699453995], [-0.13444576658960308, -0.03634172476300144, 0.9902543182876731, 0.3304939734061837], [0.0, 0.0, 0.0, 1.0]]}
{"ID": 57, "Time": 3933.33333333333, "Position": [0.031304536766904, -0.5714829112410967, 0.32978217324739134], "Matrix": [[0.9943807214443938, -0.00975210955012409, 0.10541288905560482, 0.031304536766904], [0.005167054771096317, 0.999032121651605, 0.04368204955453755, -0.5714829112410967], [-0.10573685433527594, -0.042891913778881, 0.9934686715582257, 0.32978217324739134], [0.0, 0.0, 0.0, 1.0]]}
{"ID": 58, "Time": 3999.9999999999964, "Position": [0.029120428380916222, -0.5841825919291561, 0.3648982298253545], "Matrix": [[0.9966619469724356, 0.0024009833054777665, 0.08160391373139396, 0.029120428380916222], [-0.006284516510379371, 0.9988578041106578, 0.047366570695643304, -0.5841825919291561], [-0.08139697973109776, -0.047721299714083884, 0.9955386528127644, 0.3648982298253545], [0.0, 0.0, 0.0, 1.0]]}
{"ID": 59, "Time": 4066.666666666663, "Position": [0.05837331683090567, -0.5654576002456105, 0.4497969881625865], "Matrix": [[0.9973481594125919, 0.01471634530868925, 0.07127466658687763, 0.05837331683090567], [-0.018167511710934788, 0.9986812850723222, 0.04801700078647295, -0.5654576002456105], [-0.07047404085582291, -0.049184550694811854, 0.9963003008824204, 0.4497969881625865], [0.0, 0.0, 0.0, 1.0]]}
{"ID": 60, "Time": 4133.333333333329, "Position": [0.05187993534803818, -0.5663421383706659, 0.49111282363745495], "Matrix": [[0.9972624604362877, 0.023582716718235773, 0.07008167004823099, 0.05187993534803818], [-0.026744132520330817, 0.998650454501516, 0.04451989554851298, -0.5663421383706659], [-0.06893719156084513, -0.046272294044092575, 0.9965473086731008, 0.49111282363745495], [0.0, 0.0, 0.0, 1.0]]}
{"ID": 61, "Time": 4199.999999999996, "Position": [0.03251336156905259, -0.5601647950644215, 0.5322870298673534], "Matrix": [[0.997254379277519, 0.031275680118912026, 0.06712328094565763, 0.03251336156905259], [-0.03391410722972456, 0.998681603194751, 0.03853425451689349, -0.5601647950644215], [-0.06582960080860994, -0.04070488021676851, 0.9970002890590943, 0.5322870298673534], [0.0, 0.0, 0.0, 1.0]]}
{"ID": 62, "Time": 4266.666666666663, "Position": [-0.0007384750848934456, -0.5572878751834498, 0.5704430112190353], "Matrix": [[0.9965399331757738, 0.0468442151125855, 0.06865698141128888, -0.0007384750848934456], [-0.049008359243951305, 0.9983422291946619, 0.03018234800092669, -0.5572878751834498], [-0.06712929546956428, -0.033442681069541166, 0.99718365649094, 0.5704430112190353], [0.0, 0.0, 0.0, 1.0]]}
{"ID": 63, "Time": 4333.33333333333, "Position": [-0.016213240214616842, -0.5799489265851622, 0.6051954651850776], "Matrix": [[0.9975682709999989, 0.03621072907301029, 0.059551051998044904, -0.016213240214616842], [-0.038415468346219374, 0.998602159503461, 0.03630397811211451, -0.5799489265851622], [-0.05815321561026027, -0.03850337822873883, 0.9975648817892304, 0.6051954651850776], [0.0, 0.0, 0.0, 1.0]]}
{"ID": 64, "Time": 4399.999999999997, "Position": [-0.02025193857706171, -0.5754261976502892, 0.6730667274197436], "Matrix": [[0.9988569675334954, 0.019049181323545116, 0.04383933280391465, -0.02025193857706171], [-0.02117552053956122, 0.9985957235589097, 0.04856107720938807, -0.5754261976502892], [-0.04285272149663669, -0.04943389101375926, 0.9978576725563478, 0.6730667274197436], [0.0, 0.0, 0.0, 1.0]]}
{"ID": 65, "Time": 4466.666666666664, "Position": [-0.03325650575748963, -0.5806452465479505, 0.7278315833745651], "Matrix": [[0.9998626314287719, 0.008443824576581504, 0.014262541808946665, -0.03325650575748963], [-0.009284553909147508, 0.9981583479980841, 0.05994755524993248, -0.5806452465479505], [-0.013730088529946453, -0.06007174167822581, 0.9980996295564408, 0.7278315833745651], [0.0, 0.0, 0.0, 1.0]]}
{"ID": 66, "Time": 4533.333333333331, "Position": [-0.04684068128269838, -0.5714796896931593, 0.8026335513365243], "Matrix": [[0.9998726836813542, 0.004044696660684588, -0.015435571151391837, -0.04684068128269838], [-0.0030068278087318537, 0.9977699341996252, 0.06667921260636055, -0.5714796896931593], [0.015670846000623892, -0.06662431114989964, 0.9976550635111446, 0.8026335513365243], [0.0, 0.0, 0.0, 1.0]]}
{"ID": 67, "Time": 4599.999999999998, "Position": [-0.02347009308649072, -0.543182982103353, 0.8814538184913167], "Matrix": [[0.9986661971883097, 0.0037656158148321496, -0.05149414268608774, -0.02347009308649072], [-0.00016809430728202467, 0.9975687314355945, 0.06968929477532818, -0.543182982103353], [0.051631369706254523, -0.06958768712576822, 0.9962388044353333, 0.8814538184913167], [0.0, 0.0, 0.0, 1.0]]}
{"ID": 68, "Time": 4666.666666666665, "Position": [-0.016038404099334276, -0.5435327846865843, 0.9770344347433105], "Matrix": [[0.9980029269882349, 0.01496556895462286, -0.06136928766720712, -0.016038404099334276], [-0.009801130014971142, 0.9964506156418099, 0.08360686836311733, -0.5435327846865843], [0.06240268883105617, -0.08283841097535868, 0.9946073104968272, 0.9770344347433105], [0.0, 0.0, 0.0, 1.0]]}
{"ID": 69, "Time": 4733.333333333332, "Position": [-0.10493090933720672, -0.5114086617785564, 0.9658278233648392], "Matrix": [[0.9992801520853912, 0.019948412501174368, -0.03226822720386662, -0.10493090933720672], [-0.018050945660148986, 0.9981497827726281, 0.05806181629719841, -0.5114086617785564], [0.0333667650360612, -0.05743754860401214, 0.997791354443097, 0.9658278233648392], [0.0, 0.0, 0.0, 1.0]]}
{"ID": 70, "Time": 4799.999999999999, "Position": [-0.0998415216098554, -0.5454324515060079, 0.975777373334584], "Matrix": [[0.9989921294549187, 0.039360956481365804, -0.021574067581219082, -0.0998415216098554], [-0.03822348705387509, 0.9979762344398585, 0.050817325103579135, -0.5454324515060079], [0.023530625248157442, -0.04994147172553726, 0.998474916598969, 0.975777373334584], [0.0, 0.0, 0.0, 1.0]]}
{"ID": 71, "Time": 4866.666666666666, "Position": [-0.07481556551608078, -0.5829719621082138, 1.0361068969621496], "Matrix": [[0.9991514693287065, 0.03922075519958666, -0.012572736371253009, -0.07481556551608078], [-0.03847938655082847, 0.9977667715908388, 0.054596761074872595, -0.5829719621082138], [0.014685984780015733, -0.05406664286571617, 0.9984293264824868, 1.0361068969621496], [0.0, 0.0, 0.0, 1.0]]}
{"ID": 72, "Time": 4933.333333333333, "Position": [-0.03918209100803656, -0.5931976519572916, 1.123161668482373], "Matrix": [[0.9996417420145308, 0.026489242841519045, -0.0038350535638166173, -0.03918209100803656], [-0.026201661191813927, 0.9977421094612378, 0.06183976033773767, -0.5931976519572916], [0.0054644828615069, -0.06171712097564559, 0.9980787225492456, 1.123161668482373], [0.0, 0.0, 0.0, 1.0]]}
{"ID": 73, "Time": 5000.0, "Position": [-0.025551263862737823, -0.5711665436830419, 1.150155250201162], "Matrix": [[0.9999230421816878, 0.012347292526338718, -0.0012058529709264255, -0.025551263862737823], [-0.012275486418730832, 0.998779741337992, 0.04783660445722932, -0.5711665436830419], [0.0017950340670937134, -0.04781812062474724, 0.9988544464498395, 1.150155250201162], [0.0, 0.0, 0.0, 1.0]]}
{"ID": 74, "Time": 5066.666666666667, "Position": [0.00045233391268113354, -0.6209322935703282, 1.2168531179505158], "Matrix": [[0.9999132355109788, 0.011037703127477427, -0.0071896147070378445, 0.00045233391268113354], [-0.010462510741372132, 0.9970798194515033, 0.07564634499792075, -0.6209322935703282], [0.008003581632784952, -0.07556456016035197, 0.9971087904179864, 1.2168531179505158], [0.0, 0.0, 0.0, 1.0]]}
{"ID": 75, "Time": 5133.333333333334, "Position": [0.0062520903982355444, -0.5978266086128354, 1.2519717380780404], "Matrix": [[0.9999982942777533, 0.0018469192754750905, 1.818718460986781e-05, 0.0062520903982355444], [-0.0018428186210332498, 0.9970183862785295, 0.0771423453239981, -0.5978266086128354], [0.00012434272708356767, -0.07714224725626598, 0.9970200891793201, 1.2519717380780404], [0.0, 0.0, 0.0, 1.0]]}
{"ID": 76, "Time": 5200.000000000001, "Position": [0.002195216932000909, -0.5662324710473888, 1.282145301251836], "Matrix": [[0.9998898011685199, -0.007574453154282776, 0.012767661437841379, 0.002195216932000909], [0.00668339248893459, 0.9976325970401576, 0.06844365264762978, -0.5662324710473888], [-0.013255858479050642, -0.06835077894453084, 0.9975732821370364, 1.282145301251836], [0.0, 0.0, 0.0, 1.0]]}
{"ID": 77, "Time": 5266.666666666668, "Position": [0.028857536893560177, -0.5835602078577095, 1.3041390004810283], "Matrix": [[0.9998250943031969, -0.00873057231668086, 0.016539586108080557, 0.028857536893560177], [0.007461861488702662, 0.9971349607524123, 0.0752741035709398, -0.5835602078577095], [-0.017149385549541464, -0.07513752160078453, 0.9970257024886394, 1.3041390004810283], [0.0, 0.0, 0.0, 1.0]]}
{"ID": 78, "Time": 5333.333333333335, "Position": [-0.004390314636725069, -0.5876887006252758, 1.3552248819376809], "Matrix": [[0.9990050775067972, -0.006673240147348831, 0.044094477903405434, -0.004390314636725069], [0.003483758977098831, 0.9973972769909193, 0.07201760392076978, -0.5876887006252758], [-0.044460302956992784, -0.07179233745348595, 0.9964281919656515, 1.3552248819376809], [0.0, 0.0, 0.0, 1.0]]}
{"ID": 79, "Time": 5400.000000000002, "Position": [-0.05078291967720341, -0.5740150140099437, 1.3759204343796245], "Matrix": [[0.9974321854662348, 0.005880558679501878, 0.07137544693847807, -0.05078291967720341], [-0.010508552337890912, 0.9978533851691664, 0.06463893589932523, -0.5740150140099437], [-0.070842118289986, -0.06522300772006917, 0.9953528789028218, 1.3759204343796245], [0.0, 0.0, 0.0, 1.0]]}
{"ID": 80, "Time": 5466.666666666669, "Position": [-0.09578089611302723, -0.5446232820504714, 1.3816599485131065], "Matrix": [[0.99549239374212, 0.0015639546174175325, 0.09482851916769913, -0.09578089611302723], [-0.005487540943698726, 0.9991387772691617, 0.04112895149983556, -0.5446232820504714], [-0.09468252687785246, -0.04146393376223793, 0.9946436353292497, 1.3816599485131065], [0.0, 0.0, 0.0, 1.0]]}
{"ID": 81, "Time": 5533.333333333336, "Position": [-0.012854055258346693, -0.5911610892393772, 1.594141655053776], "Matrix": [[0.9955619061954994, -0.0051708140295266165, 0.09396676867199209, -0.012854055258346693], [0.0008223200845465045, 0.9989292405178574, 0.046256850607183854, -0.5911610892393772], [-0.0941053384355116, -0.04597428760392949, 0.9945001509086104, 1.594141655053776], [0.0, 0.0, 0.0, 1.0]]}
{"ID": 82, "Time": 5600.000000000003, "Position": [0.015321826748158941, -0.6066215758503579, 1.6629054259875835], "Matrix": [[0.9943191632373983, -0.018794805428431236, 0.10476715567288918, 0.015321826748158941], [0.013572839295877527, 0.9986401304384451, 0.050335553154143536, -0.6066215758503579], [-0.10557073293450352, -0.04862761732588528, 0.9932221177465185, 1.6629054259875835], [0.0, 0.0, 0.0, 1.0]]}
{"ID": 83, "Time": 5666.66666666667, "Position": [0.04254256494079507, -0.6062973391783274, 1.7109049937934047], "Matrix": [[0.9948083792917914, -0.025745743178790283, 0.09845529543407504, 0.04254256494079507], [0.02157478067762241, 0.9988336080152855, 0.04319667044899941, -0.6062973391783274], [-0.09945258835018682, -0.04084825831463003, 0.9942035015343235, 1.7109049937934047], [0.0, 0.0, 0.0, 1.0]]}
{"ID": 84, "Time": 5733.333333333337, "Position": [0.0725945616169552, -0.6035522250605123, 1.7543950546974558], "Matrix": [[0.9957268608194771, -0.025421460554408817, 0.08877932183718319, 0.0725945616169552], [0.020887897835110008, 0.9984479959013184, 0.05162649711796092, -0.6035522250605123], [-0.08995395692586025, -0.04955147650596758, 0.9947124895211978, 1.7543950546974558], [0.0, 0.0, 0.0, 1.0]]}
{"ID": 85, "Time": 5800.000000000004, "Position": [0.08831733576593637, -0.6014943687362886, 1.8044341607294723], "Matrix": [[0.9969854477228769, -0.017519007680260393, 0.07558506068472592, 0.08831733576593637], [0.012561557641606675, 0.9977688008333554, 0.06557154377612802, -0.6014943687362886], [-0.0765651637393359, -0.06442440883288769, 0.9949810406475601, 1.8044341607294723], [0.0, 0.0, 0.0, 1.0]]}
{"ID": 86, "Time": 5866.666666666671, "Position": [0.09977712637967708, -0.6053265763311918, 1.8440633038526386], "Matrix": [[0.9976160286207898, -0.006756942348200767, 0.06867753030640109, 0.09977712637967708], [0.0021356414517755746, 0.9977411612494748, 0.0671417469547754, -0.6053265763311918], [-0.06897607175298551, -0.06683501237115712, 0.9953770052833621, 1.8440633038526386], [0.0, 0.0, 0.0, 1.0]]}
{"ID": 87, "Time": 5933.333333333338, "Position": [0.06947171631446981, -0.6049091753291314, 1.9015174706345193], "Matrix": [[0.9971604776275342, 0.0038861230250470374, 0.0752055842704645, 0.06947171631446981], [-0.00910296809511398, 0.9975647465350583, 0.0691499272762028, -0.6049091753291314], [-0.07475371448621851, -0.06963816854483608, 0.9947675143731997, 1.9015174706345193], [0.0, 0.0, 0.0, 1.0]]}
{"ID": 88, "Time": 6000.000000000005, "Position": [0.05872871542979626, -0.6230349048614132, 1.9565319980461517], "Matrix": [[0.9971757421200889, 0.023614619891351194, 0.07129438305109986, 0.05872871542979626], [-0.02805778861005192, 0.9976830984452186, 0.06197737954336056, -0.6230349048614132], [-0.06966562872438313, -0.0638027021695408, 0.9955279581057989, 1.9565319980461517], [0.0, 0.0, 0.0, 1.0]]}
{"ID": 89, "Time": 6066.6666666666715, "Position": [0.05134819753671015, -0.6240415831837024, 2.0003829365141597], "Matrix": [[0.9971634473812955, 0.03500915875634589, 0.06662895774228678, 0.05134819753671015], [-0.038136267510631, 0.9982014489278908, 0.046254647967712705, -0.6240415831837024], [-0.06488978584498532, -0.048664423981307006, 0.9967051166375939, 2.0003829365141597], [0.0, 0.0, 0.0, 1.0]]}
{"ID": 90, "Time": 6133.3333333333385, "Position": [0.04452159628392451, -0.6225436414637787, 2.055815608978119], "Matrix": [[0.997114341950718, 0.03633964409646618, 0.06665147667628021, 0.04452159628392451], [-0.039642650908229625, 0.998015579168577, 0.048922019232428816, -0.6225436414637787], [-0.06474140333013176, -0.051423088236239416, 0.9965762473042858, 2.055815608978119], [0.0, 0.0, 0.0, 1.0]]}
{"ID": 91, "Time": 6200.0000000000055, "Position": [0.019605298246701906, -0.6186876142324934, 2.112479141437891], "Matrix": [[0.9969276689682534, 0.03426583513197953, 0.07043490177626852, 0.019605298246701906], [-0.03827770657147496, 0.9976730387322614, 0.05642096211837948, -0.6186876142324934], [-0.06833769110200212, -0.058943704748204845, 0.9959194744784359, 2.112479141437891], [0.0, 0.0, 0.0, 1.0]]}
{"ID": 92, "Time": 6266.666666666672, "Position": [0.04640264983597054, -0.6122585331777202, 2.173963737499578], "Matrix": [[0.9978880677042579, 0.025565374744476278, 0.059714453423245, 0.04640264983597054], [-0.02932470307915343, 0.997585664898488, 0.06295159234174331, -0.6122585331777202], [-0.05796090167329949, -0.06456975145697899, 0.9962285285385086, 2.173963737499578], [0.0, 0.0, 0.0, 1.0]]}
{"ID": 93, "Time": 6333.333333333339, "Position": [0.05077650643235756, -0.6173684561061591, 2.2305265864004067], "Matrix": [[0.9970266773948863, 0.004624999576578747, 0.07691822893066445, 0.05077650643235756], [-0.00984916491022556, 0.9976585667020682, 0.06767849168344468, -0.6173684561061591], [-0.07642511703284884, -0.06823484201558289, 0.994737758317047, 2.2305265864004067], [0.0, 0.0, 0.0, 1.0]]}
{"ID": 94, "Time": 6400.000000000006, "Position": [0.06730286915463157, -0.6298785898317469, 2.300672787768615], "Matrix": [[0.9965391306243416, -0.01482831357876844, 0.08179170037901849, 0.06730286915463157], [0.008328222795744427, 0.9968202059834254, 0.07924719331450081, -0.6298785898317469], [-0.08270672185225252, -0.07829174962645252, 0.9934938349586689, 2.300672787768615], [0.0, 0.0, 0.0, 1.0]]}
{"ID": 95, "Time": 6466.666666666673, "Position": [0.07992866114910181, -0.6248373768237124, 2.3617290883039406], "Matrix": [[0.9964669031486357, -0.025079379435948842, 0.0801544487628426, 0.07992866114910181], [0.018839291700028987, 0.9968003252095218, 0.07768006662222232, -0.6248373768237124], [-0.08184614845921995, -0.07589556238212736, 0.9937510108639347, 2.3617290883039406], [0.0, 0.0, 0.0, 1.0]]}
{"ID": 96, "Time": 6533.33333333334, "Position": [0.10713183457976043, -0.6340256999977891, 2.4502671396534397], "Matrix": [[0.9958285214690714, -0.02026513289979887, 0.08896561255494505, 0.10713183457976043], [0.012510394837231851, 0.9961408308852789, 0.08687309747098186, -0.6340256999977891], [-0.09038277407636738, -0.08539771326996784, 0.9922389756094651, 2.4502671396534397], [0.0, 0.0, 0.0, 1.0]]}
